255 89 0
0 0 244
89 255 166
255 244 0
0 200 255
0 0 200
222 0 0
0 233 255
255 33 0
255 133 0
244 255 11
33 255 222
255 11 0
144 0 0
67 255 188
0 111 255
255 155 0
0 0 188
0 0 177
0 222 255
0 33 255
0 44 255
166 255 89
255 255 0
255 100 0
0 166 255
0 22 255
111 255 144
255 211 0
255 177 0
0 89 255
0 122 255
0 55 255
22 255 233
211 0 0
133 255 122
200 0 0
255 233 0
233 0 0
255 188 0
255 22 0
0 133 255
0 0 133
255 222 0
0 78 255
55 255 200
0 144 255
155 0 0
78 255 177
0 177 255
144 255 111
0 67 255
255 166 0
155 255 100
0 188 255
222 255 33
0 0 166
0 0 222
0 211 255
0 100 255
244 0 0
177 0 0
122 255 133
44 255 211
255 67 0
0 0 233
255 55 0
188 0 0
0 0 155
255 44 0
255 111 0
188 255 67
0 155 255
255 144 0
11 255 244
255 78 0
255 200 0
0 11 255
255 0 0
0 0 211
166 0 0
211 255 44
100 255 155
233 255 22
200 255 55
0 244 255
0 0 144
0 255 255
177 255 78
0 0 255
255 122 0
128 44 0
0 0 122
44 128 83
128 122 0
0 100 128
0 0 100
111 0 0
0 116 128
128 17 0
128 67 0
122 128 6
17 128 111
128 6 0
72 0 0
33 128 94
0 55 128
128 78 0
0 0 94
0 0 89
0 111 128
0 17 128
0 22 128
83 128 44
128 128 0
128 50 0
0 83 128
0 11 128
55 128 72
128 105 0
128 89 0
0 44 128
0 61 128
0 28 128
11 128 116
105 0 0
67 128 61
100 0 0
128 116 0
116 0 0
128 94 0
128 11 0
0 67 128
0 0 67
128 111 0
0 39 128
28 128 100
0 72 128
78 0 0
39 128 89
0 89 128
72 128 55
0 33 128
128 83 0
78 128 50
0 94 128
111 128 17
0 0 83
0 0 111
0 105 128
0 50 128
122 0 0
89 0 0
61 128 67
22 128 105
128 33 0
0 0 116
128 28 0
94 0 0
0 0 78
128 22 0
128 55 0
94 128 33
0 78 128
128 72 0
6 128 122
128 39 0
128 100 0
0 6 128
128 0 0
0 0 105
83 0 0
105 128 22
50 128 78
116 128 11
100 128 28
0 122 128
0 0 72
0 128 128
89 128 39
0 0 128
128 61 0
